RAMI125 386872004 127489000 0
ROPI1 108474004 127489000 0
MORP30 373704008 127489000 0
ATEN25 387506000 127489000 0
HYDX50 83933007 127489000 0
DIAZ5 387264003 127489000 0
BACTDS 363528007 127489000 0
CIME400 373541007 127489000 0
NYST500T 373308008 127489000 0
NYST500T 387048002 127489000 0
DAPS25 387096002 127489000 0
CILO25ES 20450009 127489000 0
DIPY50 387371005 127489000 0
PROZ10 75115009 127489000 0
QUIN200 82230005 127489000 0
HYDR1O 412077000 127489000 0
CEFR250I 372670001 732943007 0
HYDR1C 412077000 127489000 0
OCTR50I 109053000 732943007 0
MICO2C 373308008 127489000 0
MICO2C 60727003 762949000 0
DEXA5 412077000 127489000 0
DEXA5 35150008 127489000 0
CEPH500 412343003 127489000 0
DEXA4 412077000 127489000 0
DEXA4 35150008 127489000 0
METP250 372740001 127489000 0
ACYC200 372729009 127489000 0
DOXY100C 71417000 127489000 0
AMIT25 48384000 127489000 0
RISP025 386840002 127489000 0
ISOS5 387332007 127489000 0
NORT10 29666006 127489000 0
DOXE10 372587005 732943007 0
CLOT10 387325003 127489000 0
RIFA600I 387159009 732943007 0
ROPI25 108474004 127489000 0
ATRO4I 74237004 762949000 0
VERA80 14340003 127489000 0
CITA2L 116521005 127489000 0
CHLO25 40601003 127489000 0
DOXE25 372587005 732943007 0
PROP50 278421003 127489000 0
PRED1 35150008 127489000 0
NIAC50 103069003 127489000 0
METL25 387123003 127489000 0
SPIR25 387078006 127489000 0
FLUT1C 278421003 127489000 0
BETAVAL.1/15O 412077000 127489000 0
BETAVAL.1/15O 35150008 127489000 0
LISI20 386873009 127489000 0
CITA20 116521005 127489000 0
FURO40L 387475002 762949000 0
KETO200 373308008 127489000 0
KETO200 387216007 127489000 0
LEFL20 373231005 127489000 0
LATA5OS 26351002 127489000 0
ALLO100 391735003 127489000 0
KETO2SH 373308008 127489000 0
KETO2SH 387216007 127489000 0
DILT125I 12218006 127489000 0
IBUP600 387207008 127489000 0
QUIN300 82230005 127489000 0
DONE5 386856007 127489000 0
QUET100 372648004 127489000 0
ACET650R 387517004 127489000 0
CILL50 116087001 127489000 0
ACET650L 387517004 127489000 0
METD10 387286002 127489000 0
INDO25 373513008 127489000 0
MYCO500SM 386976000 127489000 0
LID2J 387480006 127489000 0
PERC 387024006 127489000 0
PERC 387517004 127489000 0
ANHC25R 412077000 127489000 0
ACE250 391705005 127489000 0
MYCO250 386976000 127489000 0
METC500 387486000 127489000 0
MORP15 373704008 127489000 0
CYCL25 387420009 127489000 0
HYDZ25 387125005 127489000 0
HALO10 386837002 127489000 0
PRED5SM 412077000 127489000 0
PRED5SM 35150008 127489000 0
LISI10 386873009 127489000 0
THIX5 25538002 127489000 0
METO25 72770009 127489000 0
DIPY75 387371005 127489000 0
OXAZ10 387455006 127489000 0
AMPI250L 387170002 127489000 0
AMPI250L 96071008 127489000 0
DEXA5L 412077000 127489000 0
DEXA5L 35150008 127489000 0
SINE25250 73579000 127489000 0
LITH300C 387095003 127489000 0
TROP5ES 410576006 127489000 0
HYDR3R 387485001 127489000 0
AZIT600 391805000 127489000 0
HYDR25O 412077000 127489000 0
FLUC200SYR 387174006 127489000 0
MONI7C 373308008 127489000 0
MONI7C 60727003 127489000 0
MOR10L 373704008 127489000 0
DIDA250 387105006 127489000 0
QUET200 372648004 127489000 0
AMPI250 387170002 127489000 0
AMPI250 96071008 127489000 0
COSO10O 75359005 127489000 0
COSO10O 372816000 127489000 0
CALC1I 259333003 732943007 0
APAP500 387517004 127489000 0
AMIO150I 52574003 732943007 0
SINE10100 73579000 127489000 0
HCTZ50 387525002 127489000 0
ACET125 391705005 127489000 0
DICL250 70886000 127489000 0
ENAL10 387165009 127489000 0
OXYIR15 387024006 127489000 0
CYCL1I 387420009 127489000 0
CYAN100 103069003 127489000 0
LIEP220I 387480006 127489000 0
LIEP220I 61773008 127489000 0
HYDM4 387485001 127489000 0
RAMI5 386872004 127489000 0
GABA300 386845007 127489000 0
METO10 373461004 127489000 0
PILO1ES 387035001 127489000 0
GLIP5 387143009 127489000 0
DIDA400 387105006 127489000 0
MEPE50I 387298007 127489000 0
ISOS5SL 387332007 127489000 0
THIX10 25538002 127489000 0
ONDA4ODT 372487007 127489000 0
DISO150 49565007 127489000 0
IMIP25 3378009 127489000 0
BACTSSSM 363528007 127489000 0
SIMV10 387584000 127489000 0
AMOX250L 372687004 127489000 0
TACR5SM 386975001 127489000 0
PRIM50 387256009 127489000 0
TRCL1T 412077000 127489000 0
TRCL1T 35150008 127489000 0
METH125I 412077000 127489000 0
METH125I 35150008 127489000 0
NTG10P 387404004 127489000 0
TRAZ50 422211002 127489000 0
LIEPI20I 387480006 127489000 0
LIEPI20I 61773008 127489000 0
AMAN100 64507008 127489000 0
NORT25 29666006 127489000 0
CIPR250 20450009 127489000 0
AZIT500I 391805000 762949000 0
THIO25 18550006 127489000 0
CYPR4 15352003 127489000 0
TBDX2.5O 412077000 127489000 0
TBDX2.5O 35150008 127489000 0
ACET20/4I 387440002 127489000 0
INDO50 373513008 127489000 0
ONDA8ODT 372487007 127489000 0
GABA100 386845007 127489000 0
DESI25 26120001 127489000 0
VANC12.5I 66509009 127489000 0
VAP500I 387080000 127489000 0
QUET25 372648004 127489000 0
PROM480L 14905007 127489000 0
FLUC100 387174006 127489000 0
RIFA300 387159009 127489000 0
PHENO100 419937006 127489000 0
PROC500 25254000 127489000 0
BUSP10 419484002 127489000 0
LIDO5O 387480006 127489000 0
LIDO5O 61773008 732943007 0
ATRO1ES 74237004 127489000 0
ATRO1ES 410576006 127489000 0
TRAZ100 422211002 127489000 0
LISI5 386873009 127489000 0
METH500 372740001 127489000 0
IMIP10 3378009 127489000 0
MISO200 26351002 127489000 0
METH5 278421003 127489000 0
PHEN100 417715003 127489000 0
HYDX25 83933007 127489000 0
METC750 387486000 127489000 0
NAPR375 372588000 127489000 0
GLYB25 384978002 127489000 0
NYSTO 373308008 127489000 0
NYSTO 387048002 127489000 0
NORT50 29666006 127489000 0
PROM25 14905007 127489000 0
SALS500T 387072007 127489000 0
LABE100 50627005 127489000 0
TACR1SM 386975001 127489000 0
MEXI150 108500007 127489000 0
AMPI500 387170002 127489000 0
AMPI500 96071008 127489000 0
VERA40 14340003 127489000 0
DESI10 26120001 127489000 0
DOXE50 372587005 732943007 0
FLUD100 412077000 127489000 0
LITH150 387095003 127489000 0
VICODIN 387517004 127489000 0
NAFC1000I 55435000 127489000 0
PB15 419937006 127489000 0
ONDA4 372487007 127489000 0
ONDA4 108419004 127489000 0
CARV125 386870007 127489000 0
NYST100V 373308008 127489000 0
NYST100V 387048002 127489000 0
LOMO 74237004 127489000 0
DOXY100I 71417000 127489000 0
BUME05 387498005 127489000 0
GLYCO4I 387122008 732943007 0
METH40I 412077000 127489000 0
METH40I 35150008 127489000 0
TRIAM.025/45C 412077000 127489000 0
TRIAM.025/45C 35150008 127489000 0
ACYC800 372729009 127489000 0
BUSP5 419484002 127489000 0
CALC25 259333003 127489000 0
DEXA15 412077000 127489000 0
DEXA15 35150008 127489000 0
PERP5I 387229007 127489000 0
FIOR 387458008 127489000 0
FIOR 373692009 127489000 0
AMID100HT 52574003 127489000 0
FIOC 387517004 127489000 0
FIOC 373692009 127489000 0
DONE10 386856007 127489000 0
PROC10 373258003 127489000 0
VERA120SR 14340003 127489000 0
ATRO1I 74237004 732943007 0
VERA5I 14340003 762949000 0
PROP80 65088001 127489000 0
NIAC500 103069003 127489000 0
AUGM875 372687004 127489000 0
AUGM875 395939008 732943007 0
CILOS100 116087001 127489000 0
OCTR0.1I 109053000 732943007 0
FLUP25 61678008 127489000 0
TERB1C 373308008 127489000 0
GENT01C 387321007 127489000 0
NADO20 387482003 127489000 0
THOR10 372839006 127489000 0
LEVE500 387000003 127489000 0
AMOX500 372687004 127489000 0
METL5 387123003 127489000 0
PILO2ES 387035001 127489000 0
CLOB.05C30 412077000 127489000 0
CLOB.05C30 35150008 127489000 0
ACETNEB 387440002 127489000 0
LIDO100S 61773008 732943007 0
DICL1ES 62039007 127489000 0
ECON1C 373308008 127489000 0
PHEN200 417715003 127489000 0
CARB200 387222003 127489000 0
ASA325 387458008 127489000 0
LIDPF2I 387480006 127489000 0
LIDPF2I 61773008 127489000 0
TACR0.5 386975001 127489000 0
SINM25100 73579000 127489000 0
METF850 373691002 127489000 0
CYTA100I 387511003 127489000 0
LORA5 387106007 127489000 0
METR50L 372602008 127489000 0
LORA1 387106007 127489000 0
SUMA6V 96215002 127489000 0
RISP2 386840002 127489000 0
RISP1 386840002 127489000 0
CHL500I 372782002 127489000 0
PHEN30 419937006 127489000 0
DRON25 386846008 127489000 0
MECL125 373258003 127489000 0
SPIR100 387078006 127489000 0
FLUP10 61678008 127489000 0
METR500 372602008 127489000 0
ATEN50 387506000 127489000 0
TOL1C 373308008 127489000 0
METO50 72770009 127489000 0
MICODP 373308008 127489000 0
MICODP 60727003 127489000 0
ALBU3H 372897005 127489000 0
BACI15O 5220000 127489000 0
TRIA.1/80C 412077000 127489000 0
TRIA.1/80C 35150008 127489000 0
AMPIDESEN 387170002 127489000 0
NEFA100 108436007 127489000 0
ASA81 387458008 127489000 0
OXCA600 387025007 127489000 0
OCTR500I 109053000 732943007 0
ASA600R 387458008 127489000 0
GLYB5 384978002 127489000 0
CATA1 372740001 127489000 0
ISOS20 387332007 127489000 0
VENL75 372490001 127489000 0
FURO80 387475002 127489000 0
THIO100 18550006 127489000 0
CEFA1F 80972005 127489000 0
MTX25 387381009 127489000 0
TIMO25ES 75359005 127489000 0
MEGE20 372688009 127489000 0
RISPM1 386840002 127489000 0
TRI125 386984001 127489000 0
BISA5 387075009 127489000 0
LIDPF1I 61773008 762949000 0
PB30EL 419937006 127489000 0
PRED50 412077000 127489000 0
PRED50 35150008 127489000 0
CEFA500I 80972005 127489000 0
CIPR500 20450009 127489000 0
CLOT130C 387325003 127489000 0
LIDX60O 412077000 127489000 0
LIDX60O 35150008 127489000 0
LIDX60C 412077000 127489000 0
LIDX60C 35150008 127489000 0
LEVE250T 387000003 127489000 0
TIMO5ES 75359005 127489000 0
NYST5L 373308008 127489000 0
NYST5L 387048002 127489000 0
GLYB1.25 384978002 127489000 0
HALO2L 386837002 127489000 0
THIA100 103069003 127489000 0
CHPR100 386991003 127489000 0
TRIA25 386984001 127489000 0
DRON10 386846008 127489000 0
PERP8 387229007 127489000 0
CARB100T 387222003 127489000 0
PRIM250 387256009 127489000 0
PROC25R 373258003 127489000 0
SNLR260C 412077000 127489000 0
SALS750 387072007 127489000 0
PROC250 25254000 127489000 0
CARV625 386870007 127489000 0
THOR100 372839006 127489000 0
CEFX2F 372670001 732943007 0
TRIA0.1O 412077000 127489000 0
TRIA0.1O 35150008 127489000 0
GENT20IVT 387321007 732943007 0
NTG15P 387404004 127489000 0
BUME2 387498005 127489000 0
DIPY25 387371005 127489000 0
CLOT1VC 387325003 127489000 0
AUGM500 372687004 127489000 0
AUGM500 395939008 732943007 0
FLU200PM 387174006 127489000 0
METF500 373691002 127489000 0
NADO40 387482003 127489000 0
CYTA1I 387511003 127489000 0
ATROP1I 74237004 762949000 0
IMIP50 3378009 127489000 0
CATA2 372740001 127489000 0
CARV3125 386870007 127489000 0
HYD2530C 412077000 127489000 0
FENT12P 373492002 127489000 0
TROP1ES 410576006 127489000 0
GLYC1 387122008 127489000 0
OXCA60L 387025007 732943007 0
HC20 412077000 127489000 0
AMANT50MG 64507008 762949000 0
UNAS3I 387170002 127489000 0
UNAS3I 96008003 127489000 0
RISPM0.5 386840002 127489000 0
DILT90 12218006 127489000 0
PRAV10 96306007 127489000 0
OXACDESEN 85724000 127489000 0
TIAZ120 12218006 127489000 0
CAPT50 387160004 127489000 0
CLON5 387383007 127489000 0
DARV100 387517004 127489000 0
CLON1 387383007 127489000 0
DOXA2 372508002 732943007 0
DOXA1 372508002 732943007 0
DOXA4 372508002 732943007 0
ENAL5 387165009 127489000 0
CAPT125 387160004 127489000 0
BACICAP 5220000 127489000 0
PILO5ES 387035001 127489000 0
PROP40 65088001 127489000 0
DOXY50 71417000 127489000 0
SUMA25 96215002 127489000 0
MEGE40 372688009 127489000 0
AMLO5 384976003 127489000 0
BENZ1 29527005 127489000 0
BENZ2 29527005 127489000 0
ALPR1 386983007 127489000 0
BENZ5 29527005 127489000 0
ALPR5 386983007 127489000 0
THOR25 372839006 127489000 0
DICL10 71043005 127489000 0
CLOB0.05S 412077000 127489000 0
CLOB0.05S 35150008 127489000 0
FURO20I 387475002 762949000 0
ACET100L 387517004 732943007 0
ACYC40L 372729009 127489000 0
PRAZ1 387283005 127489000 0
PRAZ2 387283005 127489000 0
TAMO10 278421003 127489000 0
CALC.5 259333003 127489000 0
NTG5P 387404004 127489000 0
VANC250L 66509009 127489000 0
OXAC150 387025007 127489000 0
DIAZ2 387264003 127489000 0
ACYC400 372729009 127489000 0
ALLO300 391735003 127489000 0
METH10L 23883005 732943007 0
DIVA250 5641004 127489000 0
AMIT10 48384000 127489000 0
OXAZ15 387455006 127489000 0
DILT60 12218006 127489000 0
CARB200L 387222003 127489000 0
OXA2I 85724000 127489000 0
MEPE50 387298007 127489000 0
MPRED1I 412077000 127489000 0
MPRED1I 35150008 127489000 0
GLIP10 387143009 127489000 0
SUMA50 96215002 127489000 0
FINA1L 278421003 127489000 0
FINA1L 372688009 127489000 0
PCN250S 56723006 127489000 0
ASAEC325 387458008 127489000 0
AMPH200 373692009 127489000 0
AMPH200 373231005 127489000 0
HCTZ25 387525002 127489000 0
PROC5 373258003 127489000 0
GLU5/500 384978002 127489000 0
ZITHR250 391805000 127489000 0
HALO05 386837002 127489000 0
VANC1I 66509009 127489000 0
NAFC2I 55435000 127489000 0
NEFA150 108436007 127489000 0
DICL25 62039007 732943007 0
METH10 278421003 127489000 0
UNAS1.5I 387170002 127489000 0
UNAS1.5I 96008003 127489000 0
METH1L 387286002 127489000 0
AMIT100 48384000 127489000 0
CEPH250 412343003 127489000 0
ALBU2 372897005 732943007 0
LEVE1000L 387000003 127489000 0
DIPH25L 19510001 127489000 0
T3 387517004 127489000 0
ISOS10 387332007 127489000 0
CHPR250 386991003 127489000 0
LIEP550I 387480006 127489000 0
BICA50 278421003 127489000 0
NEOM500 373308008 127489000 0
FLUCO400PM 387174006 127489000 0
PRED1ES 412077000 127489000 0
PRED1ES 35150008 127489000 0
COLC6 387413002 127489000 0
CLIN1S 373308008 127489000 0
COLC5 387413002 127489000 0
AMP500I 387170002 127489000 0
ACET325 387517004 127489000 0
HYDZ20I 387125005 127489000 0
MEXI200 108500007 127489000 0
PRED20 412077000 127489000 0
PRED20 35150008 127489000 0
PRED25 412077000 127489000 0
PRED25 35150008 127489000 0
METO10L 373461004 127489000 0
METO10I 373461004 127489000 0
CEFX1F 372670001 732943007 0
CLOB.05G30 412077000 127489000 0
CLOB.05G30 35150008 127489000 0
PREDN5L 412077000 127489000 0
PREDN5L 35150008 127489000 0
DESI50 26120001 127489000 0
CIME300 373541007 127489000 0
AMPI500L 96071008 127489000 0
AMPI500L 387170002 127489000 0
METO100 72770009 127489000 0
ATEN100 387506000 127489000 0
FLUC200 387174006 127489000 0
PROP10 65088001 127489000 0
HALO2 386837002 127489000 0
HALO1 386837002 127489000 0
HALO5 386837002 127489000 0
CYCL1/2ES 410576006 127489000 0
DIVA125 5641004 127489000 0
ALBU5H 372897005 127489000 0
PROP1I 65088001 732943007 0
MIDRIN 387517004 127489000 0
SNLR160T 412077000 127489000 0
FENT2I 373492002 732943007 0
AMLO25 384976003 127489000 0
LIDE4500I 387480006 127489000 0
LIDE4500I 61773008 127489000 0
PILO4ES 387035001 127489000 0
DAPS100 387096002 127489000 0
DOCU100 387088007 127489000 0
DIAZ10 387264003 127489000 0
PRAV20 96306007 127489000 0
CHLO250 372782002 127489000 0
NITR50I 387404004 732943007 0
DICY20 71043005 127489000 0
ASA81EC 387458008 127489000 0
RISP05 386840002 127489000 0
THEO200 373231005 127489000 0
AMIT50 48384000 127489000 0
PENV500 56723006 127489000 0
DOCU100L 387088007 127489000 0
OLAN2.5 372648004 127489000 0
LABE200 50627005 127489000 0
DESI100 26120001 127489000 0
MECL25 373258003 127489000 0
VAL250L 387080000 127489000 0
IBUP200L 387207008 127489000 0
FLUC50 387174006 127489000 0
HALD5I 386837002 732943007 0
FLUP1 61678008 127489000 0
CHLOR5 40601003 127489000 0
HYDR0.5C 412077000 127489000 0
NTG2O 387404004 127489000 0
NADO80 387482003 127489000 0
DILA2I 387485001 732943007 0
HYDZ50 387125005 127489000 0
PROM25I 14905007 762949000 0
NIFE10 387490003 127489000 0
LAMO100 387562000 127489000 0
PROM25R 14905007 127489000 0
NTG25 387404004 127489000 0
METD5 23883005 127489000 0
THIA50 103069003 127489000 0
MINO10 387272001 127489000 0
DISO100 49565007 127489000 0
QUIN260 47857006 127489000 0
LEFL10 373231005 127489000 0
MEGE400L 372688009 127489000 0
AMIN100 373692009 127489000 0
AMIN100 373231005 127489000 0
ACY500I 372729009 127489000 0
GENT3ES 387321007 127489000 0
RISP1L 386840002 127489000 0
CLOB.05O30 412077000 127489000 0
CLOB.05O30 35150008 127489000 0
VENF25 372490001 127489000 0
DILT30 12218006 127489000 0
SIMVIND 387584000 127489000 0
ASCO250 43706004 127489000 0
PERP4 387229007 127489000 0
LEVE500I 387000003 732943007 0
NTG4SL 387404004 127489000 0
PYRI50 103069003 127489000 0
BACIEO 5220000 127489000 0
DICL500 70886000 127489000 0
LOPE2 57574005 127489000 0
BISA10R 387075009 127489000 0
LAMO25 387562000 127489000 0
DICL50 62039007 127489000 0
CYCL50 387420009 127489000 0
BETA0.05O 412077000 127489000 0
BETA0.05O 35150008 127489000 0
DEXA2 412077000 127489000 0
DEXA2 35150008 127489000 0
METH40 23883005 127489000 0
BETA0.05C 412077000 127489000 0
BETA0.05C 35150008 127489000 0
NIFE20 387490003 127489000 0
FURO40 387475002 127489000 0
CEPHDESEN50L 412343003 127489000 0
METRVAG70G 372602008 127489000 0
IBUP400 387207008 127489000 0
LOPER2L 57574005 127489000 0
MTX50I 387381009 127489000 0
PROZ20 75115009 127489000 0
ALBELI120 61773008 127489000 0
EMLA2.5 387480006 127489000 0
FURO20 387475002 127489000 0
OXYC5 387024006 127489000 0
DIVA500 387080000 127489000 0
DIVA500 5641004 762949000 0
NAPR250 372588000 127489000 0
QUIN325 47857006 127489000 0
GLU125/250 384978002 127489000 0
MINX25 387272001 127489000 0
MEXI250 108500007 127489000 0
DORZ2S 372816000 127489000 0
THEO100LQ 373231005 127489000 0
LIDO1/10I 387480006 127489000 0
LIDO1/10I 61773008 127489000 0
ALPR25 386983007 127489000 0
GUAI10 373231005 127489000 0
PRAZ5 387283005 127489000 0
BETAVAL.1/45C 412077000 127489000 0
BETAVAL.1/45C 35150008 127489000 0
DIGO25L 387461009 762949000 0
GABA400 386845007 127489000 0
NYSTC 373308008 127489000 0
NYSTC 387048002 127489000 0
ONDAN4I 372487007 732943007 0
ONDAN4I 108419004 762949000 0
CAPT25 387160004 127489000 0
LIDO20L 61773008 127489000 0
ASCO500 43706004 127489000 0
PENV250 56723006 127489000 0
DIGO.5I 387461009 762949000 0
DIPH25 19510001 127489000 0
ASA300R 387458008 127489000 0
HYDR2 387485001 127489000 0
FLUC150 387174006 127489000 0
CYPR2L 15352003 127489000 0
AMOX250 372687004 127489000 0
PROP20 65088001 127489000 0
